FR1,0,1,0
FR2,0,0,0
FR3,0,0,0
FR4,0,1,0
FR5,0,0,0
FR6,0,0,0
FR7,0,1,1
FR8,0,1,0
FR9,1,1,1
FR10,1,1,1
FR11,0,1,0
FR12,0,1,0
FR13,1,1,0
FR14,1,1,0
FR15,1,1,1
FR16,1,1,1
FR17,0,0,0
FR18,0,1,0
FR19,1,1,0
FR20,1,1,1
FR21,1,0,1
FR22,0,0,1
FR23,0,1,1
FR24,0,0,1
FR25,0,1,0
FR26,0,0,0
FR27,0,1,1
FR28,0,0,0
FR29,0,1,0
FR30,1,1,0
FR31,1,0,0
FR32,0,1,0
FR33,1,1,1
FR34,1,0,1
FR35,0,1,0
FR36,1,0,1
FR37,1,1,0
FR38,0,1,0
FR39,0,1,0
FR40,0,1,0
FR41,1,1,0
FR42,1,1,0
FR43,0,1,0
FR44,1,1,1
FR45,1,1,1
FR46,1,1,0
FR47,1,1,1
FR48,0,1,1
FR49,0,0,0
FR50,1,1,0
FR51,0,0,0
FR52,1,1,0
FR53,1,1,0
FR54,0,0,0
FR55,1,1,1
FR56,1,0,1
FR57,1,1,1
FR58,0,0,0
FR59,0,0,0
FR60,0,0,0
