FR1,1,0,1
FR2,0,0,1
FR3,0,1,1
FR4,0,0,1
FR5,0,1,0
FR6,0,0,0
FR7,0,1,1
FR8,0,0,0
FR9,0,1,0
FR10,1,1,0
FR11,0,1,0
FR12,1,1,1
FR13,0,0,0
FR14,0,0,1
FR15,1,1,1
FR16,1,1,0
FR17,0,1,0
FR18,1,1,0
FR19,1,1,0
FR20,1,1,0
FR21,0,1,0
FR22,0,0,0
FR23,0,0,0
FR24,0,1,0
FR25,0,0,0
FR26,0,0,0
FR27,0,1,1
FR28,0,1,0
FR29,1,1,1
FR30,1,1,1
FR31,0,1,0
FR32,0,1,0
FR33,1,1,0
FR34,1,1,0
FR35,1,1,1
FR36,1,1,1
FR37,0,0,0
FR38,0,1,0
FR39,1,1,0
FR40,1,1,1
FR41,1,1,0
FR42,1,1,0
FR43,0,1,0
FR44,1,1,1
FR45,1,1,1
FR46,1,1,0
FR47,1,1,1
FR48,0,1,1
FR49,0,0,0
FR50,1,1,0
FR51,0,0,0
FR52,1,1,0
FR53,1,1,0
FR54,0,0,0
FR55,1,1,1
FR56,1,0,1
FR57,1,1,1
FR58,0,0,0
FR59,0,0,0
FR60,0,0,0
FR61,1,1,1
FR62,1,1,0
FR63,1,1,1
FR64,1,1,1
FR65,0,1,1
FR66,1,1,1
FR67,1,1,1
FR68,0,1,1
FR69,0,1,0
FR70,0,1,0
FR71,1,0,0
FR72,0,1,0
FR73,1,1,1
FR74,1,0,1
FR75,0,1,0
FR76,1,0,1
FR77,1,1,0
FR78,0,1,0
FR79,0,1,0
FR80,0,1,0
