FR1,1,1,1,0
FR2,0,1,0,0
FR3,0,1,0,1
FR4,0,1,0,0
FR5,0,0,0,1
FR6,0,0,0,0
FR7,0,1,0,1
FR8,0,0,0,0
FR9,0,0,0,1
FR10,0,0,1,1
FR11,0,0,0,1
FR12,1,1,1,1
FR13,0,0,0,0
FR14,0,1,0,0
FR15,1,1,1,1
FR16,1,0,1,1
FR17,0,0,0,1
FR18,0,0,1,1
FR19,0,0,1,1
FR20,0,0,1,1
FR21,0,0,0,1
FR22,0,0,0,0
FR23,1,0,0,0
FR24,0,0,0,1
FR25,0,0,0,0
FR26,0,0,0,0
FR27,1,1,0,1
FR28,0,0,0,1
FR29,1,1,1,1
FR30,1,1,1,1
FR31,0,0,0,1
FR32,0,0,0,1
FR33,1,0,1,1
FR34,0,0,1,1
FR35,1,1,1,1
FR36,1,1,1,1
FR37,0,0,0,0
FR38,0,0,0,1
FR39,0,0,1,1
FR40,0,1,1,1
FR41,0,0,1,1
FR42,0,0,1,1
FR43,1,0,0,1
FR44,1,1,1,1
FR45,0,1,1,1
FR46,0,0,1,1
FR47,1,1,1,1
FR48,0,1,0,1
FR49,0,0,0,0
FR50,0,0,1,1
FR51,0,0,0,0
FR52,0,0,1,1
FR53,0,0,1,1
FR54,0,0,0,0
FR55,1,1,1,1
FR56,1,1,1,0
FR57,1,1,1,1
FR58,0,0,0,0
FR59,0,0,0,0
FR60,0,0,0,0
FR61,0,1,1,1
FR62,0,0,1,1
FR63,0,1,1,1
FR64,1,1,1,1
FR65,0,1,0,1
FR66,1,1,1,1
FR67,1,1,1,1
FR68,0,1,0,1
FR69,0,0,0,1
FR70,0,0,0,1
FR71,0,0,1,0
FR72,0,0,0,1
FR73,1,1,1,1
FR74,1,1,1,0
FR75,0,0,0,1
FR76,1,1,1,0
FR77,0,0,1,1
FR78,0,0,0,1
FR79,0,0,0,1
FR80,0,0,0,1
